ar = 8;
cf = 500;