ar = 9;
cf = 500;